# fps 59.9804
0.0 324.0 283 365
16.7 325.0 284 366
33.3 325.0 284 366
50.0 325.5 285 366
66.7 326.0 285 367
83.3 326.0 285 367
100.0 327.0 286 368
116.7 327.0 286 368
133.3 327.0 286 368
150.0 327.0 286 368
166.7 327.5 287 368
183.3 327.5 287 368
200.0 328.0 287 369
216.7 328.0 287 369
233.3 328.0 287 369
250.0 328.0 287 369
266.7 328.0 287 369
283.3 328.0 287 369
300.0 328.0 287 369
316.7 328.0 287 369
333.3 328.0 287 369
350.0 328.0 287 369
366.7 328.0 287 369
383.3 328.0 287 369
400.0 381.0 340 422
416.7 328.0 287 369
433.3 347.0 306 388
450.0 388.0 347 429
466.7 491.0 450 532
483.3 586.5 546 627
500.0 693.0 652 734
516.7 804.0 763 845
533.3 915.0 874 956
550.0 1023.0 982 1064
566.7 1124.5 1084 1165
583.3 1219.0 1178 1260
600.0 1305.5 1265 1346
616.7 1383.0 1342 1424
633.3 1452.5 1412 1493
650.0 1513.5 1473 1554
666.7 1566.5 1526 1607
683.3 1612.0 1571 1653
700.0 1651.0 1610 1692
716.7 1684.0 1643 1725
733.3 1712.0 1671 1753
750.0 1735.0 1694 1776
766.7 1754.0 1713 1795
783.3 1769.0 1728 1810
800.0 1781.5 1741 1822
816.7 1791.0 1750 1832
833.3 1799.0 1758 1840
850.0 1804.5 1764 1845
866.7 1809.0 1768 1850
883.3 1812.0 1771 1853
900.0 1814.0 1773 1855
916.7 1816.0 1775 1857
933.3 1816.0 1775 1857
950.0 1817.0 1776 1858
966.7 1817.0 1776 1858
983.3 1817.0 1776 1858
1000.0 1817.0 1776 1858
1016.7 1816.0 1775 1857
1033.3 1816.0 1775 1857
1050.0 1815.0 1774 1856
1066.7 1815.0 1774 1856
1083.3 1814.0 1773 1855
1100.0 1814.0 1773 1855
1116.7 1813.0 1772 1854
1133.3 1813.0 1772 1854
1150.0 1813.0 1772 1854
1166.7 1812.0 1771 1853
1183.3 1812.0 1771 1853
1200.0 1812.0 1771 1853
1216.7 1811.0 1770 1852
1233.3 1811.0 1770 1852
1250.0 1811.0 1770 1852
1266.7 1811.0 1770 1852
1283.3 1811.0 1770 1852
1300.0 1810.0 1769 1851
1316.7 1810.0 1769 1851
1333.3 1810.0 1769 1851
1350.0 1810.0 1769 1851
1366.7 1810.0 1769 1851
1383.3 1810.0 1769 1851
1400.0 1810.0 1769 1851
1416.7 1810.0 1769 1851
1433.3 1810.0 1769 1851
1450.0 1810.0 1769 1851
1466.7 1810.0 1769 1851
1483.3 1810.0 1769 1851
1500.0 1803.5 1763 1844
1516.7 1790.5 1750 1831
1533.3 1749.0 1708 1790
1550.0 1702.0 1661 1743
1566.7 1644.0 1603 1685
1583.3 1580.0 1539 1621
1600.0 1513.0 1472 1554
1616.7 1446.5 1406 1487
1633.3 1382.5 1342 1423
1650.0 1321.5 1281 1362
1666.7 1265.0 1224 1306
1683.3 1214.0 1173 1255
1700.0 1168.0 1127 1209
1716.7 1127.0 1086 1168
1733.3 1091.0 1050 1132
1750.0 1059.0 1018 1100
1766.7 1032.0 991 1073
1783.3 1009.0 968 1050
1800.0 990.0 949 1031
1816.7 973.0 932 1014
1833.3 960.0 919 1001
1850.0 949.0 908 990
1866.7 940.0 899 981
1883.3 932.5 892 973
1900.0 929.5 889 970
1916.7 924.5 884 965
1933.3 920.5 880 961
1950.0 917.5 877 958
1966.7 915.0 874 956
1983.3 914.0 873 955
2000.0 913.0 872 954
2016.7 913.0 872 954
2033.3 912.0 871 953
2050.0 912.0 871 953
2066.7 912.0 871 953
2083.3 912.0 871 953
2100.0 912.0 871 953
2116.7 912.0 871 953
2133.3 913.0 872 954
2150.0 913.0 872 954
2166.7 913.0 872 954
2183.3 913.0 872 954
2200.0 914.0 873 955
2216.7 914.0 873 955
2233.3 914.0 873 955
2250.0 914.0 873 955
2266.7 914.0 873 955
2283.3 915.0 874 956
2300.0 915.0 874 956
2316.7 915.0 874 956
2333.3 915.0 874 956
2350.0 916.0 875 957
2366.7 916.0 875 957
2383.3 916.0 875 957
2400.0 916.0 875 957
2416.7 916.0 875 957
2433.3 916.0 875 957
2450.0 916.0 875 957
2466.7 916.0 875 957
2483.3 916.0 875 957
2500.0 916.0 875 957
2516.7 916.0 875 957
2533.3 916.0 875 957
2550.0 916.0 875 957
2566.7 916.0 875 957
2583.3 916.0 875 957
2600.0 916.0 875 957
2616.7 916.0 875 957
2633.3 916.0 875 957
2650.0 916.0 875 957
2666.7 916.0 875 957
2683.3 916.0 875 957
2700.0 916.0 875 957
2716.7 916.0 875 957
2733.3 916.0 875 957
2750.0 916.0 875 957
2766.7 916.0 875 957
2783.3 916.0 875 957
2800.0 916.0 875 957
2816.7 916.0 875 957
2833.3 916.0 875 957
2850.0 916.0 875 957
2866.7 916.0 875 957
2883.3 916.0 875 957
2900.0 916.0 875 957
2916.7 916.0 875 957
2933.3 916.0 875 957
2950.0 916.0 875 957
2966.7 916.0 875 957
2983.3 916.0 875 957
3000.0 916.0 875 957
3016.7 916.0 875 957
3033.3 916.0 875 957
3050.0 916.0 875 957
3066.7 916.0 875 957
3083.3 916.0 875 957
3100.0 916.0 875 957
3116.7 916.0 875 957
3133.3 916.0 875 957
3150.0 916.0 875 957
3166.7 916.0 875 957
3183.3 916.0 875 957
3200.0 916.0 875 957
3216.7 916.0 875 957
3233.3 916.0 875 957
3250.0 916.0 875 957
3266.7 916.0 875 957
3283.3 916.0 875 957
3300.0 916.0 875 957
3316.7 916.0 875 957
3333.3 916.0 875 957
3350.0 916.0 875 957
3366.7 916.0 875 957
3383.3 916.0 875 957
3400.0 916.0 875 957
3416.7 916.0 875 957
3433.3 916.0 875 957
3450.0 916.0 875 957
3466.7 916.0 875 957
3483.3 916.0 875 957
3500.0 916.0 875 957
3516.7 916.0 875 957
3533.3 916.0 875 957
3550.0 916.0 875 957
3566.7 916.0 875 957
3583.3 916.0 875 957
3600.0 916.0 875 957
3616.7 916.0 875 957
3633.3 916.0 875 957
3650.0 916.0 875 957
3666.7 916.0 875 957
3683.3 916.0 875 957
3700.0 916.0 875 957
3716.7 916.0 875 957
3733.3 916.0 875 957
3750.0 916.0 875 957
3766.7 916.0 875 957
3783.3 916.0 875 957
3800.0 916.0 875 957
3816.7 916.0 875 957
3833.3 916.0 875 957
3850.0 916.0 875 957
3866.7 916.0 875 957
3883.3 916.0 875 957
3900.0 916.0 875 957
3916.7 916.0 875 957
3933.3 916.0 875 957
3950.0 916.0 875 957
3966.7 916.0 875 957
3983.3 916.0 875 957
4000.0 916.0 875 957
4016.7 916.0 875 957
4033.3 916.0 875 957
4050.0 916.0 875 957
4066.7 916.0 875 957
4083.3 916.0 875 957
4100.0 916.0 875 957
4116.7 916.0 875 957
4133.3 916.0 875 957
4150.0 916.0 875 957
4166.7 -1
4183.3 916.0 875 957
4200.0 -1
4216.7 -1
4233.3 -1
4250.0 -1
4266.7 -1
4283.3 -1
4300.0 -1
4316.7 -1
4333.3 -1
4350.0 -1
4366.7 -1
4383.3 -1
4400.0 -1
4416.7 -1
4433.3 -1
4450.0 -1
4466.7 -1
4483.3 -1
4500.0 -1
4516.7 -1
4533.3 -1
4550.0 -1
4566.7 -1
4583.3 -1
4600.0 -1
4616.7 -1
4633.3 -1
4650.0 -1
4666.7 -1
4683.3 -1
4700.0 -1
4716.7 -1
4733.3 -1
4750.0 -1
4766.7 -1
4783.3 -1
4800.0 -1
4816.7 -1
4833.3 -1
4850.0 -1
4866.7 -1
4883.3 -1
4900.0 -1
4916.7 -1
4935.0 -1
4951.7 -1
4968.3 -1
4985.0 -1
5001.7 -1
5018.3 -1
5035.0 -1
5051.7 -1
5068.3 -1
5085.0 -1
