# fps 59.991905
0.0 327.5,2198.5
16.7 327.5,2198.5
33.3 327.5,2198.5
50.0 327.5,2198.5
66.7 327.5,2198.5
83.3 327.5,2198.5
100.0 327.5,2198.5
116.7 327.5,2198.5
133.3 327.5,2198.5
150.0 327.5,2198.5
166.7 327.5,2198.5
183.3 327.5,2198.5
200.0 327.5,2198.5
216.7 327.5,2198.5
233.3 327.5,2198.5
250.0 327.5,2198.5
266.7 327.5,2198.5
283.3 327.5,2198.5
300.0 327.5,2198.5
316.7 327.5,2198.5
333.3 327.5,2198.5
350.0 327.5,2198.5
366.7 327.5,2198.5
383.3 327.5,2198.5
400.0 327.5,2198.5
416.7 327.5,2198.5
433.3 327.5,2198.5
450.0 327.5,2198.5
466.7 327.5,2198.5
483.3 327.5,2198.5
500.0 327.5,2198.5
516.7 327.5,2198.5
533.3 327.5,2198.5
550.0 327.5,2198.5
566.7 327.5,2198.5
583.3 327.5,2198.5
600.0 327.5,2198.5
616.7 327.5,2198.5
633.3 327.5,2198.5
650.0 327.5,2198.5
666.7 327.5,2198.5
683.3 327.5,2198.5
700.0 327.5,2198.5
716.7 327.5,2198.5
733.3 327.5,2198.5
750.0 327.5,2198.5
766.7 327.5,2198.5
783.3 327.5,2198.5
800.0 327.5,2198.5
816.7 327.5,2198.5
833.3 327.5,2198.5
850.0 327.5,2198.5
866.7 327.5,2198.5
883.3 327.5,2198.5
900.0 327.5,2198.5
916.7 331.5,2198.5
933.3 352.5,2198.5
950.0 418.5,2198.5
966.7 477.5,2198.5
983.3 550.5,2198.5
1000.0 622.0,2198.5
1016.7 679.0,2198.5
1033.3 719.0,2198.5
1050.0 769.0,2198.5
1066.7 846.0,2198.5
1083.3 939.5,2198.5
1100.0 1042.0,2198.5
1116.7 1149.0,2198.5
1133.3 1254.0,2198.5
1150.0 1356.0,2198.5
1166.7 1452.5,2198.5
1183.3 1540.5,2198.5
1200.0 1622.0,2198.5
1216.7 1695.0,2198.5
1233.3 1759.0,2198.5
1250.0 1816.0,2199.0
1266.7 1865.0,2204.5
1283.3 1907.5
1300.0 1943.5
1316.7 1974.5
1333.3 1999.5
1350.0 2021.0
1366.7 2038.5
1383.3 2052.5
1400.0 2063.5
1416.7 2072.5
1433.3 2079.5
1450.0 2082.0
1466.7 2086.5
1483.3 2090.0
1500.0 2092.5
1516.7 2094.0
1533.3 2094.0
1550.0 2095.5
1566.7 2095.5
1583.3 2095.5
1600.0 2095.5
1616.7 2095.5
1633.3 2094.5
1650.0 2094.5
1666.7 2093.5
1683.3 2093.5
1700.0 2092.0
1716.7 2092.0
1733.3 2092.0
1750.0 2091.0
1766.7 2091.0
1783.3 2091.0
1800.0 2091.0
1816.7 2090.0
1833.3 2090.0
1850.0 2090.0
1866.7 2090.0
1883.3 2090.0
1900.0 2088.5
1916.7 2088.5
1933.3 2088.5
1950.0 2088.5
1966.7 2088.5
1983.3 2088.5
2000.0 2088.5
2016.7 2088.5
2033.3 2088.5
2050.0 2088.5
2066.7 2088.5
2083.3 2088.5
2100.0 2088.5
2116.7 2088.5
2133.3 2088.5
2150.0 2088.5
2166.7 2088.5
2183.3 2088.5
2200.0 2069.0
2216.7 2027.0
2233.3 1929.0
2250.0 1862.0,2207.5
2266.7 1783.5,2199.0
2283.3 1685.0,2198.5
2300.0 1575.0,2198.5
2316.7 1460.0,2198.5
2333.3 1345.0,2198.5
2350.0 1233.0,2198.5
2366.7 1128.0,2198.5
2383.3 1030.0,2198.5
2400.0 940.0,2198.5
2416.7 860.0,2198.5
2433.3 788.0,2198.5
2450.0 725.0,2198.5
2466.7 670.0,2198.5
2483.3 623.0,2198.5
2500.0 582.5,2198.5
2516.7 548.0,2198.5
2533.3 519.5,2198.5
2550.0 495.5,2198.5
2566.7 476.0,2198.5
2583.3 460.0,2198.5
2600.0 447.0,2198.5
2616.7 437.0,2198.5
2633.3 429.0,2198.5
2650.0 426.0,2198.5
2666.7 421.0,2198.5
2683.3 417.0,2198.5
2700.0 414.0,2198.5
2716.7 412.0,2198.5
2733.3 411.0,2198.5
2750.0 411.0,2198.5
2766.7 411.0,2198.5
2783.3 411.0,2198.5
2800.0 410.5,2198.5
2816.7 410.5,2198.5
2833.3 410.5,2198.5
2850.0 412.0,2198.5
2866.7 412.0,2198.5
2883.3 413.0,2198.5
2900.0 413.0,2198.5
2916.7 414.0,2198.5
2933.3 414.0,2198.5
2950.0 414.0,2198.5
2966.7 415.5,2198.5
2983.3 415.5,2198.5
3000.0 415.5,2198.5
3016.7 415.5,2198.5
3033.3 416.5,2198.5
3050.0 416.5,2198.5
3066.7 416.5,2198.5
3083.3 416.5,2198.5
3100.0 416.5,2198.5
3116.7 417.5,2198.5
3133.3 417.5,2198.5
3150.0 417.5,2198.5
3166.7 417.5,2198.5
3183.3 417.5,2198.5
3200.0 417.5,2198.5
3216.7 417.5,2198.5
3233.3 417.5,2198.5
3250.0 417.5,2198.5
3266.7 417.5,2198.5
3283.3 417.5,2198.5
3300.0 417.5,2198.5
3316.7 417.5,2198.5
3333.3 417.5,2198.5
3350.0 417.5,2198.5
3366.7 417.5,2198.5
3383.3 417.5,2198.5
3400.0 417.5,2198.5
3416.7 417.5,2198.5
3433.3 417.5,2198.5
3450.0 417.5,2198.5
3466.7 428.0,2198.5
3483.3 457.0,2198.5
3500.0 529.0,2198.5
3516.7 575.0,2198.5
3533.3 612.5,2198.5
3550.0 653.5,2198.5
3566.7 712.0,2198.5
3583.3 783.5,2198.5
3600.0 861.0,2198.5
3616.7 942.5,2198.5
3633.3 1023.5,2198.5
3650.0 1101.5,2198.5
3666.7 1175.0,2198.5
3683.3 1243.0,2198.5
3700.0 1304.5,2198.5
3716.7 1360.5,2198.5
3733.3 1410.0,2198.5
3750.0 1453.5,2198.5
3766.7 1491.0,2198.5
3783.3 1523.5,2198.5
3800.0 1551.5,2198.5
3816.7 1574.5,2198.5
3833.3 1594.5,2198.5
3850.0 1610.5,2198.5
3866.7 1624.0,2198.5
3883.3 1634.5,2198.5
3900.0 1643.0,2198.5
3916.7 1650.0,2198.5
3933.3 1655.5,2198.5
3950.0 1659.5,2198.5
3966.7 1662.5,2198.5
3983.3 1664.5,2198.5
4000.0 1666.0,2198.5
4016.7 1666.0,2198.5
4033.3 1667.5,2198.5
4050.0 1667.5,2198.5
4066.7 1667.5,2198.5
4083.3 1667.5,2198.5
4100.0 1667.5,2198.5
4116.7 1667.5,2198.5
4133.3 1667.5,2198.5
4150.0 1667.5,2198.5
4166.7 1666.0,2198.5
4183.3 1666.0,2198.5
4200.0 1666.0,2198.5
4216.7 1665.5,2198.5
4233.3 1665.5,2198.5
4250.0 1665.5,2198.5
4266.7 1664.0,2198.5
4283.3 1664.0,2198.5
4300.0 1664.0,2198.5
4316.7 1664.0,2198.5
4333.3 1664.0,2198.5
4350.0 1664.0,2198.5
4366.7 1662.5,2198.5
4383.3 1662.5,2198.5
4400.0 1662.5,2198.5
4416.7 1662.5,2198.5
4433.3 1662.5,2198.5
4450.0 1662.5,2198.5
4466.7 1662.5,2198.5
4483.3 1662.5,2198.5
4500.0 1662.5,2198.5
4516.7 1662.5,2198.5
4533.3 1662.5,2198.5
4550.0 1656.0,2198.5
4566.7 1618.5,2198.5
4583.3 1522.5,2198.5
4600.0 1437.0,2198.5
4616.7 1343.0,2198.5
4633.3 1246.5,2198.5
4650.0 1150.5,2198.5
4666.7 1058.0,2198.5
4683.3 971.0,2198.5
4700.0 890.5,2198.5
4716.7 817.0,2198.5
4733.3 751.0,2198.5
4750.0 692.5,2198.5
4766.7 641.0,2198.5
4783.3 596.0,2198.5
4800.0 558.0,2198.5
4816.7 525.0,2198.5
4833.3 497.5,2198.5
4850.0 474.5,2198.5
4866.7 455.0,2198.5
4883.3 439.5,2198.5
4900.0 427.0,2198.5
4916.7 416.5,2198.5
4933.3 408.5,2198.5
4950.0 402.5,2198.5
4966.7 399.5,2198.5
4983.3 395.5,2198.5
5000.0 392.5,2198.5
5018.3 390.5,2198.5
5035.0 389.0,2198.5
5051.7 389.0,2198.5
5068.3 387.5,2198.5
5085.0 387.5,2198.5
5101.7 387.5,2198.5
5118.3 387.5,2198.5
5135.0 387.5,2198.5
5151.7 388.5,2198.5
5168.3 388.5,2198.5
5185.0 388.5,2198.5
5201.7 390.0,2198.5
5218.3 390.0,2198.5
5235.0 390.0,2198.5
5251.7 391.0,2198.5
5268.3 391.0,2198.5
5285.0 391.0,2198.5
5301.7 391.0,2198.5
5318.3 392.5,2198.5
5335.0 392.5,2198.5
5351.7 392.5,2198.5
5368.3 392.5,2198.5
5385.0 392.5,2198.5
5401.7 392.5,2198.5
5418.3 393.5,2198.5
5435.0 393.5,2198.5
5451.7 393.5,2198.5
5468.3 393.5,2198.5
5485.0 393.5,2198.5
5501.7 393.5,2198.5
5518.3 393.5,2198.5
5535.0 393.5,2198.5
5551.7 393.5,2198.5
5568.3 393.5,2198.5
5585.0 393.5,2198.5
5601.7 393.5,2198.5
5618.3 393.5,2198.5
5635.0 393.5,2198.5
5651.7 393.5,2198.5
5668.3 393.5,2198.5
5685.0 393.5,2198.5
5701.7 393.5,2198.5
5718.3 393.5,2198.5
5735.0 393.5,2198.5
5751.7 393.5,2198.5
5768.3 393.5,2198.5
5785.0 393.5,2198.5
5801.7 393.5,2198.5
5818.3 393.5,2198.5
5835.0 393.5,2198.5
5851.7 393.5,2198.5
5868.3 393.5,2198.5
5885.0 393.5,2198.5
5901.7 393.5,2198.5
5918.3 393.5,2198.5
5935.0 393.5,2198.5
5951.7 393.5,2198.5
5968.3 393.5,2198.5
5985.0 393.5,2198.5
6001.7 393.5,2198.5
6018.3 393.5,2198.5
6035.0 393.5,2198.5
6051.7 393.5,2198.5
6068.3 393.5,2198.5
6085.0 393.5,2198.5
6101.7 393.5,2198.5
6118.3 393.5,2198.5
6135.0 393.5,2198.5
6151.7 393.5,2198.5
6168.3 393.5,2198.5
6185.0 393.5,2198.5
6201.7 393.5,2198.5
6218.3 393.5,2198.5
6235.0 393.5,2198.5
6251.7 393.5,2198.5
6268.3 393.5,2198.5
6285.0 393.5,2198.5
6301.7 393.5,2198.5
6318.3 393.5,2104.5
6335.0 393.5,2003.5
6351.7 393.5,2003.5
6368.3 393.5,2003.5
6385.0 393.5,1922.5
6401.7 393.5,1809.5
6418.3 393.5,1742.0
6435.0 393.5,1681.5
6451.7 393.5,1628.0
6468.3 393.5,1580.5
6485.0 393.5,1539.5
6501.7 393.5,1504.5
6518.3 393.5,1473.5
6535.0 393.5,1447.5
6551.7 393.5,1425.5
6568.3 393.5,1406.5
6585.0 393.5,1390.5
6601.7 393.5,1377.5
6618.3 393.5,1366.5
6635.0 393.5,1356.5
6651.7 393.5,1348.5
6668.3 393.5,1342.5
6685.0 393.5,1339.5
6701.7 393.5,1334.5
6718.3 393.5,1330.5
6735.0 393.5,1326.5
6751.7 393.5,1324.5
6768.3 393.5,1321.5
6785.0 393.5,1319.5
6801.7 393.5,1318.5
6818.3 393.5,1316.5
6835.0 393.5,1315.5
6851.7 393.5,1314.5
6868.3 393.5,1314.5
6885.0 393.5,1313.5
6901.7 393.5,1313.5
6918.3 393.5,1312.5
6935.0 393.5,1312.5
6951.7 393.5,1312.5
6968.3 393.5,1312.0
6985.0 393.5,1311.5
7001.7 393.5,1311.5
7018.3 393.5,1311.5
7035.0 393.5,1311.5
7051.7 393.5,1311.5
7068.3 393.5,1311.0
7085.0 393.5,1311.0
7101.7 393.5,1311.0
7118.3 393.5,1311.0
7135.0 393.5,1311.0
7151.7 393.5,1311.0
7168.3 393.5,1311.0
7185.0 393.5,1311.0
7201.7 393.5,1311.0
7218.3 393.5,1311.0
7235.0 393.5,1311.0
7251.7 393.5,1311.0
7268.3 393.5,1311.0
7285.0 393.5,1311.0
7301.7 393.5,1311.0
7318.3 393.5,1311.0
7335.0 393.5,1311.0
7351.7 393.5,1311.0
7368.3 393.5,1311.0
7385.0 393.5,1311.0
7401.7 393.5,1311.0
7418.3 393.5,1311.0
7435.0 393.5,1311.0
7451.7 393.5,1429.0
7468.3 393.5,1505.0
7485.0 393.5,1581.0
7501.7 393.5,1653.0
7518.3 393.5,1721.0
7535.0 393.5,1752.0
7551.7 393.5,1778.5
7568.3 393.5,1829.5
7585.0 393.5,1877.0
7601.7 393.5,1920.5
7618.3 393.5,1959.5
7635.0 393.5,1994.5
7651.7 393.5,2024.5
7668.3 393.5,2051.0
7685.0 393.5,2074.0
7701.7 393.5,2094.0
7718.3 393.5,2110.5
7735.0 393.5,2125.0
7751.7 393.5,2137.0
7768.3 393.5,2147.0
7785.0 393.5,2156.0
7801.7 393.5,2163.0
7818.3 393.5,2169.0
7835.0 393.5,2172.0
7851.7 393.5,2176.0
7868.3 393.5,2180.0
7885.0 393.5,2183.0
7901.7 393.5,2186.0
7918.3 393.5,2188.0
7935.0 393.5,2190.0
7951.7 393.5,2191.5
7968.3 393.5,2193.0
7985.0 393.5,2194.0
8001.7 393.5,2195.0
8018.3 393.5,2195.0
8035.0 393.5,2196.0
8051.7 393.5,2196.0
8068.3 393.5,2197.0
8085.0 393.5,2197.0
8101.7 393.5,2197.0
8118.3 393.5,2197.5
8135.0 393.5,2198.0
8151.7 393.5,2198.0
8168.3 393.5,2198.0
8185.0 393.5,2198.0
8201.7 393.5,2198.0
8218.3 393.5,2198.0
8235.0 393.5,2198.0
8251.7 393.5,2198.5
8268.3 393.5,2198.5
8285.0 393.5,2198.5
8301.7 393.5,2198.5
8318.3 393.5,2198.5
8335.0 393.5,2198.5
8351.7 393.5,2198.5
8368.3 393.5,2198.5
8385.0 393.5,2198.5
8401.7 393.5,2129.5
8418.3 393.5,2054.5
8435.0 393.5,1966.5
8451.7 393.5,1866.5
8468.3 393.5,1770.5
8485.0 393.5,1724.5
8501.7 393.5,1687.0
8518.3 393.5,1614.0
8535.0 393.5,1546.0
8551.7 393.5,1484.5
8568.3 393.5,1429.0
8585.0 393.5,1379.5
8601.7 393.5,1336.0
8618.3 393.5,1298.0
8635.0 393.5,1266.0
8651.7 393.5,1238.0
8668.3 393.5,1214.0
8685.0 393.5,1193.5
8701.7 393.5,1176.0
8718.3 393.5,1162.0
8735.0 393.5,1149.0
8751.7 393.5,1139.0
8768.3 393.5,1130.0
8785.0 393.5,1123.0
8801.7 393.5,1117.0
8818.3 393.5,1115.0
8835.0 393.5,1110.0
8851.7 393.5,1106.0
8868.3 393.5,1103.0
8885.0 393.5,1100.5
8901.7 393.5,1098.0
8918.3 393.5,1097.0
8935.0 393.5,1095.0
8951.7 393.5,1094.0
8968.3 393.5,1093.0
8985.0 393.5,1092.0
9001.7 393.5,1091.5
9018.3 393.5,1091.0
9035.0 393.5,1090.5
9051.7 393.5,1090.0
9068.3 393.5,1090.0
9085.0 393.5,1090.0
9101.7 393.5,1089.0
9118.3 393.5,1089.0
9135.0 393.5,1089.0
9151.7 393.5,1089.0
9168.3 393.5,1089.0
9185.0 393.5,1089.0
9201.7 393.5,1088.5
9218.3 393.5,1088.5
9235.0 393.5,1088.5
9251.7 393.5,1088.5
9268.3 393.5,1088.5
9285.0 393.5,1088.5
9301.7 393.5,1088.5
9318.3 393.5,1088.5
9335.0 393.5,1088.5
9351.7 393.5,1088.5
9368.3 393.5,1088.5
9385.0 393.5,1088.5
9401.7 393.5,1088.5
9418.3 393.5,1088.5
9435.0 393.5,1088.5
9451.7 393.5,1088.5
9468.3 393.5,1088.5
9485.0 393.5,1215.5
9501.7 393.5,1310.5
9518.3 393.5,1419.5
9535.0 393.5,1542.5
9551.7 393.5,1667.5
9568.3 393.5,1794.5
9585.0 393.5,1794.5
9601.7 393.5,1794.5
9618.3 393.5,1873.0
9635.0 393.5,1963.0
9651.7 393.5,2008.5
9668.3 393.5,2045.0
9685.0 393.5,2075.0
9701.7 393.5,2099.0
9718.3 393.5,2118.0
9735.0 393.5,2134.0
9751.7 393.5,2147.0
9768.3 393.5,2157.0
9785.0 393.5,2165.0
9801.7 393.5,2171.0
9818.3 393.5,2174.0
9835.0 393.5,2179.0
9851.7 393.5,2183.0
9868.3 393.5,2186.0
9885.0 393.5,2188.0
9901.7 393.5,2190.0
9918.3 393.5,2192.0
9935.0 393.5,2193.0
9951.7 393.5,2194.0
9968.3 393.5,2195.0
9985.0 393.5,2196.0
10001.7 393.5,2196.0
10018.3 393.5,2197.0
10035.0 393.5,2197.0
10051.7 393.5,2197.0
10068.3 393.5,2198.0
10085.0 393.5,2198.0
10101.7 393.5,2198.0
10118.3 393.5,2198.0
10135.0 393.5,2198.0
10151.7 393.5,2198.0
10168.3 393.5,2198.0
10185.0 393.5,2198.0
10201.7 393.5,2198.5
10218.3 393.5,2198.5
10235.0 393.5,2198.5
10251.7 393.5,2198.5
10268.3 393.5,2198.5
10285.0 393.5,2198.5
10301.7 393.5,2198.5
10318.3 393.5,2198.5
10335.0 393.5,2198.5
10351.7 393.5,2198.5
10368.3 393.5,2198.5
10385.0 393.5,2198.5
10401.7 393.5,2198.5
10418.3 393.5,2198.5
10435.0 393.5,2198.5
10451.7 393.5,2198.5
10468.3 393.5,2198.5
10485.0 393.5,2198.5
10501.7 393.5,2198.5
10518.3 393.5,2198.5
10535.0 393.5,2198.5
10551.7 393.5,2198.5
10568.3 393.5,2198.5
10585.0 393.5,2198.5
10601.7 393.5,2198.5
10618.3 393.5,2198.5
10635.0 393.5,2198.5
10651.7 393.5,2198.5
10668.3 393.5,2198.5
10685.0 393.5,2198.5
10701.7 393.5,2198.5
10718.3 393.5,2198.5
10735.0 393.5,2198.5
10751.7 393.5,2198.5
10768.3 393.5,2198.5
10785.0 393.5,2198.5
10801.7 393.5,2198.5
10818.3 393.5,2198.5
10835.0 393.5,2198.5
10851.7 393.5,2198.5
10868.3 393.5,2198.5
10885.0 393.5,2198.5
10901.7 393.5,2198.5
10918.3 393.5,2198.5
10935.0 393.5,2198.5
10951.7 393.5,2198.5
10968.3 393.5,2198.5
10985.0 393.5,2198.5
11001.7 393.5,2198.5
11018.3 393.5,2198.5
11035.0 393.5,2198.5
11051.7 393.5,2198.5
11068.3 393.5,2198.5
11085.0 393.5,2198.5
11101.7 393.5,2198.5
11118.3 393.5,2198.5
11135.0 393.5,2198.5
11151.7 393.5,2198.5
11168.3 393.5,2198.5
11185.0 393.5,2198.5
11201.7 393.5,2198.5
11218.3 393.5,2198.5
11235.0 393.5,2198.5
11251.7 393.5,2198.5
11268.3 393.5,2198.5
11285.0 393.5,2198.5
11301.7 393.5,2198.5
11318.3 393.5,2198.5
11335.0 393.5,2198.5
11351.7 393.5,2198.5
11368.3 393.5,2198.5
11385.0 393.5,2198.5
11401.7 393.5,2198.5
11418.3 393.5,2198.5
11435.0 393.5,2198.5
11451.7 393.5,2198.5
11468.3 393.5,2198.5
11485.0 393.5,2198.5
11501.7 393.5,2198.5
11518.3 393.5,2198.5
11535.0 393.5,2198.5
11551.7 393.5,2198.5
11568.3 -
11585.0 -
11601.7 -
11618.3 -
11635.0 -
11651.7 -
11668.3 -
11685.0 -
11701.7 -
11718.3 -
11735.0 -
11751.7 -
11768.3 -
11785.0 -
11801.7 -
11818.3 -
11835.0 -
11851.7 -
11868.3 -
11885.0 -
11901.7 -
11918.3 -
11935.0 -
11951.7 -
11968.3 -
11985.0 -
12001.7 -
12018.3 -
12035.0 -
12051.7 -
12068.3 -
12085.0 -
12101.7 -
12118.3 -
12135.0 -
12151.7 -
12168.3 -
12185.0 -
12201.7 -
12218.3 -
12235.0 -
12251.7 -
12268.3 -
12285.0 -
12301.7 -
12318.3 -
12335.0 -
