# fps 59.882164
0.0 327.5,2198.5
16.7 327.5,2198.5
33.3 327.5,2198.5
50.0 327.5,2198.5
66.7 327.5,2198.5
83.3 327.5,2198.5
100.0 327.5,2198.5
116.7 327.5,2198.5
133.3 327.5,2198.5
150.0 327.5,2198.5
166.7 327.5,2198.5
183.3 327.5,2198.5
200.0 327.5,2198.5
216.7 327.5,2198.5
233.3 327.5,2198.5
250.0 327.5,2198.5
266.7 327.5,2198.5
283.3 327.5,2198.5
300.0 327.5,2198.5
316.7 327.5,2198.5
333.3 327.5,2198.5
350.0 327.5,2198.5
366.7 327.5,2198.5
383.3 327.5,2198.5
400.0 327.5,2198.5
416.7 327.5,2198.5
433.3 327.5,2198.5
450.0 327.5,2198.5
466.7 327.5,2198.5
483.3 327.5,2198.5
500.0 327.5,2198.5
516.7 327.5,2198.5
533.3 327.5,2198.5
550.0 327.5,2198.5
566.7 327.5,2198.5
583.3 327.5,2198.5
600.0 327.5,2198.5
616.7 327.5,2198.5
633.3 327.5,2198.5
650.0 327.5,2198.5
666.7 327.5,2198.5
683.3 327.5,2198.5
700.0 327.5,2198.5
716.7 327.5,2198.5
733.3 327.5,2198.5
750.0 327.5,2198.5
766.7 327.5,2198.5
783.3 327.5,2198.5
800.0 327.5,2198.5
816.7 327.5,2198.5
833.3 327.5,2198.5
850.0 327.5,2198.5
866.7 327.5,2198.5
883.3 327.5,2198.5
900.0 327.5,2198.5
916.7 327.5,2198.5
933.3 327.5,2198.5
950.0 327.5,2198.5
966.7 327.5,2198.5
983.3 327.5,2198.5
1000.0 327.5,2198.5
1016.7 327.5,2198.5
1033.3 327.5,2198.5
1050.0 341.5,2198.5
1066.7 388.5,2198.5
1083.3 484.0,2198.5
1100.0 582.0,2198.5
1116.7 705.5,2198.5
1133.3 843.0,2198.5
1150.0 986.5,2198.5
1166.7 1130.5,2198.5
1183.3 1270.5,2198.5
1200.0 1402.5,2198.5
1216.7 1525.0,2198.5
1233.3 1637.0,2198.5
1250.0 1738.5,2198.5
1266.7 1828.0,2199.0
1283.3 1907.0
1300.0 1976.0
1316.7 2036.0
1333.3 2086.5
1350.0 2129.0
1366.7 2165.0
1383.3 2195.0
1400.0 2219.5
1416.7 2239.5
1433.3 2255.5
1450.0 2268.5
1466.7 2278.0
1483.3 2285.5
1500.0 2288.5
1516.7 2294.0
1533.3 2297.0
1550.0 2299.5
1566.7 2301.0
1583.3 2301.0
1600.0 2302.0
1616.7 2302.0
1633.3 2302.0
1650.0 2302.0
1666.7 2300.5
1683.3 2300.5
1700.0 2299.5
1716.7 2299.5
1733.3 2297.5
1750.0 2297.5
1766.7 2296.5
1783.3 2296.5
1800.0 2295.5
1816.7 2295.5
1833.3 2295.5
1850.0 2294.0
1866.7 2294.0
1883.3 2294.0
1900.0 2294.0
1916.7 2294.0
1933.3 2293.0
1950.0 2293.0
1966.7 2292.5
1983.3 2292.5
2000.0 2292.5
2016.7 2292.5
2033.3 2292.5
2050.0 2292.5
2066.7 2292.5
2083.3 2292.5
2100.0 2292.5
2116.7 2292.5
2133.3 2292.5
2150.0 2292.5
2166.7 2292.5
2183.3 2292.5
2200.0 2292.5
2216.7 2292.5
2233.3 2292.5
2250.0 2292.5
2266.7 2292.5
2283.3 2292.5
2300.0 2286.5
2316.7 2263.5
2333.3 2181.5
2350.0 2102.0
2366.7 2006.0
2383.3 1887.0
2400.0 1753.5,2199.0
2416.7 1613.0,2198.5
2433.3 1472.5,2198.5
2450.0 1336.0,2198.5
2466.7 1206.0,2198.5
2483.3 1086.0,2198.5
2500.0 975.5,2198.5
2516.7 876.0,2198.5
2533.3 787.5,2198.5
2550.0 709.5,2198.5
2566.7 641.5,2198.5
2583.3 583.0,2198.5
2600.0 532.5,2198.5
2616.7 490.5,2198.5
2633.3 454.5,2198.5
2650.0 425.0,2198.5
2666.7 401.0,2198.5
2683.3 381.0,2198.5
2700.0 365.0,2198.5
2716.7 352.5,2198.5
2733.3 342.5,2198.5
2750.0 335.0,2198.5
2766.7 332.0,2198.5
2783.3 327.5,2198.5
2800.0 323.5,2198.5
2816.7 321.5,2198.5
2833.3 319.5,2198.5
2850.0 319.5,2198.5
2866.7 318.5,2198.5
2883.3 318.5,2198.5
2900.0 318.5,2198.5
2916.7 318.5,2198.5
2933.3 320.0,2198.5
2950.0 320.0,2198.5
2966.7 321.5,2198.5
2983.3 321.5,2198.5
3000.0 323.0,2198.5
3016.7 323.0,2198.5
3033.3 324.0,2198.5
3050.0 324.0,2198.5
3066.7 325.0,2198.5
3083.3 325.0,2198.5
3100.0 325.0,2198.5
3116.7 326.0,2198.5
3133.3 326.0,2198.5
3150.0 326.0,2198.5
3166.7 326.0,2198.5
3183.3 326.0,2198.5
3200.0 327.0,2198.5
3216.7 327.0,2198.5
3233.3 327.5,2198.5
3250.0 327.5,2198.5
3266.7 327.5,2198.5
3283.3 327.5,2198.5
3300.0 327.5,2198.5
3316.7 327.5,2198.5
3333.3 327.5,2198.5
3350.0 327.5,2198.5
3366.7 327.5,2198.5
3383.3 327.5,2198.5
3400.0 327.5,2198.5
3416.7 327.5,2198.5
3433.3 327.5,2198.5
3450.0 327.5,2198.5
3466.7 327.5,2198.5
3483.3 327.5,2198.5
3500.0 327.5,2198.5
3516.7 327.5,2198.5
3533.3 327.5,2198.5
3550.0 327.5,2198.5
3566.7 327.5,2198.5
3583.3 327.5,2198.5
3600.0 327.5,2198.5
3616.7 327.5,2198.5
3633.3 327.5,2198.5
3650.0 327.5,2198.5
3666.7 327.5,2198.5
3683.3 327.5,2198.5
3700.0 327.5,2198.5
3716.7 327.5,2198.5
3733.3 327.5,2198.5
3750.0 327.5,2198.5
3766.7 327.5,2198.5
3783.3 327.5,2198.5
3800.0 327.5,2198.5
3816.7 327.5,2198.5
3833.3 327.5,2198.5
3850.0 327.5,2125.5
3866.7 327.5,2030.5
3883.3 327.5,1902.5
3900.0 327.5,1827.5
3916.7 327.5,1827.5
3933.3 327.5,1827.5
3950.0 327.5,1715.0
3966.7 327.5,1641.0
3983.3 327.5,1566.0
4000.0 327.5,1491.0
4016.7 327.5,1416.0
4033.3 327.5,1341.5
4050.0 327.5,1267.0
4066.7 327.5,1192.0
4083.3 327.5,1117.0
4100.0 327.5,1042.5
4116.7 327.5,984.0
4133.3 327.5,946.0
4150.0 327.5,909.0
4166.7 327.5,907.5
4183.3 327.5,907.5
4200.0 327.5,907.5
4216.7 327.5,907.5
4233.3 327.5,907.5
4250.0 327.5,907.5
4266.7 327.5,907.5
4283.3 327.5,907.5
4300.0 327.5,907.5
4316.7 327.5,907.5
4333.3 327.5,907.5
4350.0 327.5,907.5
4366.7 327.5,907.5
4383.3 327.5,907.5
4400.0 327.5,907.5
4416.7 327.5,907.5
4433.3 327.5,907.5
4450.0 327.5,907.5
4466.7 327.5,907.5
4483.3 327.5,907.5
4500.0 327.5,907.5
4516.7 327.5,907.5
4533.3 327.5,907.5
4550.0 327.5,907.5
4566.7 327.5,907.5
4583.3 327.5,907.5
4600.0 327.5,907.5
4616.7 327.5,907.5
4633.3 327.5,907.5
4650.0 327.5,907.5
4666.7 327.5,907.5
4683.3 327.5,907.5
4700.0 327.5,907.5
4716.7 327.5,907.5
4733.3 327.5,907.5
4750.0 327.5,907.5
4766.7 327.5,907.5
4783.3 327.5,907.5
4800.0 327.5,907.5
4816.7 327.5,907.5
4833.3 327.5,907.5
4850.0 327.5,907.5
4866.7 327.5,907.5
4883.3 327.5,907.5
4900.0 327.5,907.5
4918.3 327.5,907.5
4935.0 327.5,907.5
4951.7 327.5,907.5
4968.3 327.5,907.5
4985.0 327.5,971.5
5001.7 327.5,1049.5
5018.3 327.5,1159.5
5035.0 327.5,1290.5
5051.7 327.5,1423.5
5068.3 327.5,1550.5
5085.0 327.5,1618.5
5101.7 327.5,1618.5
5118.3 327.5,1618.5
5135.0 327.5,1689.0
5151.7 327.5,1736.0
5168.3 327.5,1783.5
5185.0 327.5,1831.0
5201.7 327.5,1878.0
5218.3 327.5,1925.0
5235.0 327.5,1972.0
5251.7 327.5,2019.0
5268.3 327.5,2066.0
5285.0 327.5,2113.0
5301.7 327.5,2150.5
5318.3 327.5,2174.0
5335.0 327.5,2198.0
5351.7 327.5,2198.5
5368.3 327.5,2198.5
5385.0 327.5,2198.5
5401.7 327.5,2198.5
5418.3 327.5,2198.5
5435.0 327.5,2198.5
5451.7 327.5,2198.5
5468.3 327.5,2198.5
5485.0 327.5,2198.5
5501.7 327.5,2198.5
5518.3 327.5,2198.5
5535.0 327.5,2198.5
5551.7 327.5,2198.5
5568.3 327.5,2198.5
5585.0 327.5,2198.5
5601.7 327.5,2198.5
5618.3 327.5,2198.5
5635.0 327.5,2198.5
5651.7 327.5,2198.5
5668.3 327.5,2198.5
5685.0 327.5,2198.5
5701.7 327.5,2198.5
5718.3 327.5,2198.5
5735.0 327.5,2198.5
5751.7 327.5,2198.5
5768.3 327.5,2198.5
5785.0 327.5,2198.5
5801.7 327.5,2198.5
5818.3 327.5,2198.5
5835.0 327.5,2198.5
5851.7 327.5,2198.5
5868.3 327.5,2198.5
5885.0 327.5,2198.5
5901.7 327.5,2198.5
5918.3 327.5,2198.5
5935.0 327.5,2198.5
5951.7 327.5,2033.5
5968.3 327.5,1934.5
5985.0 327.5,1883.5
6001.7 327.5,1883.5
6018.3 327.5,1883.5
6035.0 327.5,1808.0
6051.7 327.5,1758.0
6068.3 327.5,1708.0
6085.0 327.5,1657.5
6101.7 327.5,1607.5
6118.3 327.5,1557.5
6135.0 327.5,1507.5
6151.7 327.5,1457.0
6168.3 327.5,1406.5
6185.0 327.5,1356.5
6201.7 327.5,1317.5
6218.3 327.5,1292.0
6235.0 327.5,1266.5
6251.7 327.5,1266.0
6268.3 327.5,1266.0
6285.0 327.5,1266.0
6301.7 327.5,1266.0
6318.3 327.5,1266.0
6335.0 327.5,1266.0
6351.7 327.5,1266.0
6368.3 327.5,1266.0
6385.0 327.5,1266.0
6401.7 327.5,1266.0
6418.3 327.5,1266.0
6435.0 327.5,1266.0
6451.7 327.5,1266.0
6468.3 327.5,1266.0
6485.0 327.5,1266.0
6501.7 327.5,1266.0
6518.3 327.5,1266.0
6535.0 327.5,1266.0
6551.7 327.5,1266.0
6568.3 327.5,1266.0
6585.0 327.5,1266.0
6601.7 327.5,1266.0
6618.3 327.5,1266.0
6635.0 327.5,1266.0
6651.7 327.5,1266.0
6668.3 327.5,1266.0
6685.0 327.5,1266.0
6701.7 327.5,1266.0
6718.3 327.5,1266.0
6735.0 327.5,1266.0
6751.7 327.5,1266.0
6768.3 327.5,1266.0
6785.0 327.5,1266.0
6801.7 327.5,1266.0
6818.3 327.5,1266.0
6835.0 327.5,1266.0
6851.7 327.5,1266.0
6868.3 327.5,1266.0
6885.0 327.5,1266.0
6901.7 327.5,1266.0
6918.3 327.5,1266.0
6935.0 327.5,1266.0
6951.7 327.5,1266.0
6968.3 327.5,1266.0
6985.0 327.5,1266.0
7001.7 327.5,1266.0
7018.3 327.5,1266.0
7035.0 327.5,1266.0
7051.7 327.5,1266.0
7068.3 327.5,1266.0
7085.0 327.5,1266.0
7101.7 327.5,1266.0
7118.3 327.5,1266.0
7135.0 327.5,1266.0
7151.7 327.5,1266.0
7168.3 327.5,1266.0
7185.0 327.5,1266.0
7201.7 327.5,1266.0
7218.3 327.5,1266.0
7235.0 327.5,1266.0
7251.7 327.5,1266.0
7268.3 327.5,1266.0
7285.0 327.5,1266.0
7301.7 327.5,1266.0
7318.3 327.5,1266.0
7335.0 327.5,1266.0
7351.7 327.5,1266.0
7368.3 327.5,1266.0
7385.0 327.5,1266.0
7401.7 327.5,1266.0
7418.3 327.5,1266.0
7435.0 327.5,1266.0
7451.7 327.5,1266.0
7468.3 327.5,1266.0
7485.0 327.5,1266.0
7501.7 327.5,1266.0
7518.3 327.5,1266.0
7535.0 327.5,1266.0
7551.7 327.5,1266.0
7568.3 327.5,1266.0
7585.0 327.5,1266.0
7601.7 327.5,1266.0
7618.3 327.5,1266.0
7635.0 327.5,1266.0
7651.7 327.5,1266.0
7668.3 327.5,1266.0
7685.0 327.5,1266.0
7701.7 327.5,1266.0
7718.3 327.5,1266.0
7735.0 327.5,1266.0
7751.7 327.5,1266.0
7768.3 327.5,1266.0
7785.0 327.5,1266.0
7801.7 327.5,1266.0
7818.3 327.5,1266.0
7835.0 327.5,1266.0
7851.7 327.5,1266.0
7868.3 327.5,1266.0
7885.0 327.5,1266.0
7901.7 327.5,1266.0
7918.3 327.5,1266.0
7935.0 327.5,1266.0
7951.7 327.5,1266.0
7968.3 327.5,1266.0
7985.0 327.5,1266.0
8001.7 327.5,1266.0
8018.3 327.5,1266.0
8035.0 327.5,1266.0
8051.7 327.5,1266.0
8068.3 327.5,1266.0
8085.0 327.5,1266.0
8101.7 327.5,1266.0
8118.3 327.5,1266.0
8135.0 327.5,1266.0
8151.7 327.5,1266.0
8168.3 327.5,1266.0
8185.0 327.5,1266.0
8201.7 327.5,1266.0
8218.3 327.5,1266.0
8235.0 327.5,1266.0
8251.7 327.5,1266.0
8268.3 327.5,1266.0
8285.0 327.5,1266.0
8301.7 327.5,1266.0
8318.3 327.5,1266.0
8335.0 327.5,1266.0
8351.7 327.5,1266.0
8368.3 327.5,1266.0
8385.0 327.5,1266.0
8401.7 327.5,1266.0
8418.3 327.5,1266.0
8435.0 327.5,1266.0
8451.7 327.5,1266.0
8468.3 327.5,1266.0
8485.0 327.5,1266.0
8501.7 -
8518.3 -
8543.3 -
8560.0 -
8576.7 -
8593.3 -
8610.0 -
8626.7 -
8643.3 -
8660.0 -
8676.7 -
8693.3 -
8710.0 -
8726.7 -
8743.3 -
8760.0 -
8776.7 -
8793.3 -
8810.0 -
8826.7 -
8843.3 -
8860.0 -
8876.7 -
8893.3 -
8910.0 -
8935.0 -
8951.7 -
8968.3 -
8985.0 -
9001.7 -
9018.3 -
9035.0 -
9051.7 -
9068.3 -
9085.0 -
9101.7 -
9118.3 -
9135.0 -
9151.7 -
9168.3 -
9185.0 -
9201.7 -
9218.3 -
9235.0 -
9251.7 -
9268.3 -
9285.0 -
9301.7 -
9318.3 -
