glide 09-21 19:00:48.069 distance=199.7pt frames=140 total=0.226s profile=0.185@0.90,0.226@1.00
  0.0000 0.0000
  0.0000 0.0000
  0.0000 0.0000
  0.0000 0.0000
  0.0000 0.0000
  0.0000 0.0000
  0.0000 0.0000
  0.0000 0.0000
  0.0000 0.0000
  0.0000 0.0000
  0.0167 0.0813
  0.0167 0.0813
  0.0167 0.0813
  0.0167 0.0813
  0.0167 0.0813
  0.0250 0.1219
  0.0250 0.1219
  0.0250 0.1219
  0.0250 0.1219
  0.0250 0.1219
  0.0333 0.1625
  0.0333 0.1625
  0.0333 0.1625
  0.0333 0.1625
  0.0333 0.1625
  0.0417 0.2032
  0.0417 0.2032
  0.0417 0.2032
  0.0417 0.2032
  0.0417 0.2032
  0.0500 0.2438
  0.0500 0.2438
  0.0500 0.2438
  0.0500 0.2438
  0.0500 0.2438
  0.0583 0.2844
  0.0583 0.2844
  0.0583 0.2844
  0.0583 0.2844
  0.0583 0.2844
  0.0667 0.3251
  0.0667 0.3251
  0.0667 0.3251
  0.0667 0.3251
  0.0667 0.3251
  0.0750 0.3657
  0.0750 0.3657
  0.0750 0.3657
  0.0750 0.3657
  0.0750 0.3657
  0.0833 0.4063
  0.0833 0.4063
  0.0833 0.4063
  0.0833 0.4063
  0.0833 0.4063
  0.0917 0.4469
  0.0917 0.4469
  0.0917 0.4469
  0.0917 0.4469
  0.0917 0.4469
  0.1000 0.4876
  0.1000 0.4876
  0.1000 0.4876
  0.1000 0.4876
  0.1000 0.4876
  0.1084 0.5282
  0.1084 0.5282
  0.1084 0.5282
  0.1084 0.5282
  0.1084 0.5282
  0.1167 0.5688
  0.1167 0.5688
  0.1167 0.5688
  0.1167 0.5688
  0.1167 0.5688
  0.1250 0.6095
  0.1250 0.6095
  0.1250 0.6095
  0.1250 0.6095
  0.1250 0.6095
  0.1334 0.6501
  0.1334 0.6501
  0.1334 0.6501
  0.1334 0.6501
  0.1334 0.6501
  0.1417 0.6907
  0.1417 0.6907
  0.1417 0.6907
  0.1417 0.6907
  0.1417 0.6907
  0.1500 0.7314
  0.1500 0.7314
  0.1500 0.7314
  0.1500 0.7314
  0.1500 0.7314
  0.1584 0.7720
  0.1584 0.7720
  0.1584 0.7720
  0.1584 0.7720
  0.1584 0.7720
  0.1667 0.8126
  0.1667 0.8126
  0.1667 0.8126
  0.1667 0.8126
  0.1667 0.8126
  0.1750 0.8533
  0.1750 0.8533
  0.1750 0.8533
  0.1750 0.8533
  0.1750 0.8533
  0.1834 0.8939
  0.1834 0.8939
  0.1834 0.8939
  0.1834 0.8939
  0.1834 0.8939
  0.1917 0.9173
  0.1917 0.9173
  0.1917 0.9173
  0.1917 0.9173
  0.1917 0.9173
  0.2000 0.9376
  0.2000 0.9376
  0.2000 0.9376
  0.2000 0.9376
  0.2000 0.9376
  0.2084 0.9579
  0.2084 0.9579
  0.2084 0.9579
  0.2084 0.9579
  0.2084 0.9579
  0.2167 0.9782
  0.2167 0.9782
  0.2167 0.9782
  0.2167 0.9782
  0.2167 0.9782
  0.2250 0.9985
  0.2250 0.9985
  0.2250 0.9985
  0.2250 0.9985
  0.2250 0.9985
glide 09-21 19:00:48.986 distance=208.7pt frames=140 total=0.226s profile=0.185@0.90,0.226@1.00
  0.0000 0.0000
  0.0000 0.0000
  0.0000 0.0000
  0.0000 0.0000
  0.0000 0.0000
  0.0000 0.0000
  0.0000 0.0000
  0.0000 0.0000
  0.0000 0.0000
  0.0000 0.0000
  0.0167 0.0813
  0.0167 0.0813
  0.0167 0.0813
  0.0167 0.0813
  0.0167 0.0813
  0.0250 0.1219
  0.0250 0.1219
  0.0250 0.1219
  0.0250 0.1219
  0.0250 0.1219
  0.0333 0.1626
  0.0333 0.1626
  0.0333 0.1626
  0.0333 0.1626
  0.0333 0.1626
  0.0417 0.2032
  0.0417 0.2032
  0.0417 0.2032
  0.0417 0.2032
  0.0417 0.2032
  0.0500 0.2438
  0.0500 0.2438
  0.0500 0.2438
  0.0500 0.2438
  0.0500 0.2438
  0.0583 0.2844
  0.0583 0.2844
  0.0583 0.2844
  0.0583 0.2844
  0.0583 0.2844
  0.0667 0.3251
  0.0667 0.3251
  0.0667 0.3251
  0.0667 0.3251
  0.0667 0.3251
  0.0750 0.3657
  0.0750 0.3657
  0.0750 0.3657
  0.0750 0.3657
  0.0750 0.3657
  0.0834 0.4063
  0.0834 0.4063
  0.0834 0.4063
  0.0834 0.4063
  0.0834 0.4063
  0.0917 0.4470
  0.0917 0.4470
  0.0917 0.4470
  0.0917 0.4470
  0.0917 0.4470
  0.1000 0.4876
  0.1000 0.4876
  0.1000 0.4876
  0.1000 0.4876
  0.1000 0.4876
  0.1084 0.5282
  0.1084 0.5282
  0.1084 0.5282
  0.1084 0.5282
  0.1084 0.5282
  0.1167 0.5689
  0.1167 0.5689
  0.1167 0.5689
  0.1167 0.5689
  0.1167 0.5689
  0.1250 0.6095
  0.1250 0.6095
  0.1250 0.6095
  0.1250 0.6095
  0.1250 0.6095
  0.1334 0.6501
  0.1334 0.6501
  0.1334 0.6501
  0.1334 0.6501
  0.1334 0.6501
  0.1417 0.6908
  0.1417 0.6908
  0.1417 0.6908
  0.1417 0.6908
  0.1417 0.6908
  0.1500 0.7314
  0.1500 0.7314
  0.1500 0.7314
  0.1500 0.7314
  0.1500 0.7314
  0.1584 0.7720
  0.1584 0.7720
  0.1584 0.7720
  0.1584 0.7720
  0.1584 0.7720
  0.1667 0.8127
  0.1667 0.8127
  0.1667 0.8127
  0.1667 0.8127
  0.1667 0.8127
  0.1750 0.8533
  0.1750 0.8533
  0.1750 0.8533
  0.1750 0.8533
  0.1750 0.8533
  0.1834 0.8939
  0.1834 0.8939
  0.1834 0.8939
  0.1834 0.8939
  0.1834 0.8939
  0.1917 0.9173
  0.1917 0.9173
  0.1917 0.9173
  0.1917 0.9173
  0.1917 0.9173
  0.2000 0.9376
  0.2000 0.9376
  0.2000 0.9376
  0.2000 0.9376
  0.2000 0.9376
  0.2084 0.9579
  0.2084 0.9579
  0.2084 0.9579
  0.2084 0.9579
  0.2084 0.9579
  0.2167 0.9782
  0.2167 0.9782
  0.2167 0.9782
  0.2167 0.9782
  0.2167 0.9782
  0.2250 0.9985
  0.2250 0.9985
  0.2250 0.9985
  0.2250 0.9985
  0.2250 0.9985
glide 09-21 19:00:49.686 distance=256.3pt frames=140 total=0.226s profile=0.185@0.90,0.226@1.00
  0.0000 0.0000
  0.0000 0.0000
  0.0000 0.0000
  0.0000 0.0000
  0.0000 0.0000
  0.0000 0.0000
  0.0000 0.0000
  0.0000 0.0000
  0.0000 0.0000
  0.0000 0.0000
  0.0167 0.0813
  0.0167 0.0813
  0.0167 0.0813
  0.0167 0.0813
  0.0167 0.0813
  0.0250 0.1219
  0.0250 0.1219
  0.0250 0.1219
  0.0250 0.1219
  0.0250 0.1219
  0.0333 0.1625
  0.0333 0.1625
  0.0333 0.1625
  0.0333 0.1625
  0.0333 0.1625
  0.0417 0.2032
  0.0417 0.2032
  0.0417 0.2032
  0.0417 0.2032
  0.0417 0.2032
  0.0500 0.2438
  0.0500 0.2438
  0.0500 0.2438
  0.0500 0.2438
  0.0500 0.2438
  0.0583 0.2844
  0.0583 0.2844
  0.0583 0.2844
  0.0583 0.2844
  0.0583 0.2844
  0.0667 0.3251
  0.0667 0.3251
  0.0667 0.3251
  0.0667 0.3251
  0.0667 0.3251
  0.0750 0.3657
  0.0750 0.3657
  0.0750 0.3657
  0.0750 0.3657
  0.0750 0.3657
  0.0833 0.4063
  0.0833 0.4063
  0.0833 0.4063
  0.0833 0.4063
  0.0833 0.4063
  0.0917 0.4470
  0.0917 0.4470
  0.0917 0.4470
  0.0917 0.4470
  0.0917 0.4470
  0.1000 0.4876
  0.1000 0.4876
  0.1000 0.4876
  0.1000 0.4876
  0.1000 0.4876
  0.1084 0.5282
  0.1084 0.5282
  0.1084 0.5282
  0.1084 0.5282
  0.1084 0.5282
  0.1167 0.5688
  0.1167 0.5688
  0.1167 0.5688
  0.1167 0.5688
  0.1167 0.5688
  0.1250 0.6095
  0.1250 0.6095
  0.1250 0.6095
  0.1250 0.6095
  0.1250 0.6095
  0.1334 0.6501
  0.1334 0.6501
  0.1334 0.6501
  0.1334 0.6501
  0.1334 0.6501
  0.1417 0.6907
  0.1417 0.6907
  0.1417 0.6907
  0.1417 0.6907
  0.1417 0.6907
  0.1500 0.7314
  0.1500 0.7314
  0.1500 0.7314
  0.1500 0.7314
  0.1500 0.7314
  0.1584 0.7720
  0.1584 0.7720
  0.1584 0.7720
  0.1584 0.7720
  0.1584 0.7720
  0.1667 0.8126
  0.1667 0.8126
  0.1667 0.8126
  0.1667 0.8126
  0.1667 0.8126
  0.1750 0.8533
  0.1750 0.8533
  0.1750 0.8533
  0.1750 0.8533
  0.1750 0.8533
  0.1834 0.8939
  0.1834 0.8939
  0.1834 0.8939
  0.1834 0.8939
  0.1834 0.8939
  0.1917 0.9173
  0.1917 0.9173
  0.1917 0.9173
  0.1917 0.9173
  0.1917 0.9173
  0.2000 0.9376
  0.2000 0.9376
  0.2000 0.9376
  0.2000 0.9376
  0.2000 0.9376
  0.2084 0.9579
  0.2084 0.9579
  0.2084 0.9579
  0.2084 0.9579
  0.2084 0.9579
  0.2167 0.9782
  0.2167 0.9782
  0.2167 0.9782
  0.2167 0.9782
  0.2167 0.9782
  0.2250 0.9985
  0.2250 0.9985
  0.2250 0.9985
  0.2250 0.9985
  0.2250 0.9985
glide 09-21 19:00:50.619 distance=192.0pt frames=140 total=0.226s profile=0.185@0.90,0.226@1.00
  0.0000 0.0000
  0.0000 0.0000
  0.0000 0.0000
  0.0000 0.0000
  0.0000 0.0000
  0.0000 0.0000
  0.0000 0.0000
  0.0000 0.0000
  0.0000 0.0000
  0.0000 0.0000
  0.0167 0.0813
  0.0167 0.0813
  0.0167 0.0813
  0.0167 0.0813
  0.0167 0.0813
  0.0250 0.1219
  0.0250 0.1219
  0.0250 0.1219
  0.0250 0.1219
  0.0250 0.1219
  0.0333 0.1625
  0.0333 0.1625
  0.0333 0.1625
  0.0333 0.1625
  0.0333 0.1625
  0.0417 0.2032
  0.0417 0.2032
  0.0417 0.2032
  0.0417 0.2032
  0.0417 0.2032
  0.0500 0.2438
  0.0500 0.2438
  0.0500 0.2438
  0.0500 0.2438
  0.0500 0.2438
  0.0583 0.2844
  0.0583 0.2844
  0.0583 0.2844
  0.0583 0.2844
  0.0583 0.2844
  0.0667 0.3251
  0.0667 0.3251
  0.0667 0.3251
  0.0667 0.3251
  0.0667 0.3251
  0.0750 0.3657
  0.0750 0.3657
  0.0750 0.3657
  0.0750 0.3657
  0.0750 0.3657
  0.0833 0.4063
  0.0833 0.4063
  0.0833 0.4063
  0.0833 0.4063
  0.0833 0.4063
  0.0917 0.4469
  0.0917 0.4469
  0.0917 0.4469
  0.0917 0.4469
  0.0917 0.4469
  0.1000 0.4876
  0.1000 0.4876
  0.1000 0.4876
  0.1000 0.4876
  0.1000 0.4876
  0.1084 0.5282
  0.1084 0.5282
  0.1084 0.5282
  0.1084 0.5282
  0.1084 0.5282
  0.1167 0.5688
  0.1167 0.5688
  0.1167 0.5688
  0.1167 0.5688
  0.1167 0.5688
  0.1250 0.6095
  0.1250 0.6095
  0.1250 0.6095
  0.1250 0.6095
  0.1250 0.6095
  0.1334 0.6501
  0.1334 0.6501
  0.1334 0.6501
  0.1334 0.6501
  0.1334 0.6501
  0.1417 0.6907
  0.1417 0.6907
  0.1417 0.6907
  0.1417 0.6907
  0.1417 0.6907
  0.1500 0.7314
  0.1500 0.7314
  0.1500 0.7314
  0.1500 0.7314
  0.1500 0.7314
  0.1584 0.7720
  0.1584 0.7720
  0.1584 0.7720
  0.1584 0.7720
  0.1584 0.7720
  0.1667 0.8126
  0.1667 0.8126
  0.1667 0.8126
  0.1667 0.8126
  0.1667 0.8126
  0.1750 0.8533
  0.1750 0.8533
  0.1750 0.8533
  0.1750 0.8533
  0.1750 0.8533
  0.1834 0.8939
  0.1834 0.8939
  0.1834 0.8939
  0.1834 0.8939
  0.1834 0.8939
  0.1917 0.9173
  0.1917 0.9173
  0.1917 0.9173
  0.1917 0.9173
  0.1917 0.9173
  0.2000 0.9376
  0.2000 0.9376
  0.2000 0.9376
  0.2000 0.9376
  0.2000 0.9376
  0.2084 0.9579
  0.2084 0.9579
  0.2084 0.9579
  0.2084 0.9579
  0.2084 0.9579
  0.2167 0.9782
  0.2167 0.9782
  0.2167 0.9782
  0.2167 0.9782
  0.2167 0.9782
  0.2250 0.9985
  0.2250 0.9985
  0.2250 0.9985
  0.2250 0.9985
  0.2250 0.9985
glide 09-21 19:00:51.453 distance=334.0pt frames=140 total=0.226s profile=0.185@0.90,0.226@1.00
  0.0000 0.0000
  0.0000 0.0000
  0.0000 0.0000
  0.0000 0.0000
  0.0000 0.0000
  0.0000 0.0000
  0.0000 0.0000
  0.0000 0.0000
  0.0000 0.0000
  0.0000 0.0000
  0.0167 0.0813
  0.0167 0.0813
  0.0167 0.0813
  0.0167 0.0813
  0.0167 0.0813
  0.0250 0.1219
  0.0250 0.1219
  0.0250 0.1219
  0.0250 0.1219
  0.0250 0.1219
  0.0333 0.1625
  0.0333 0.1625
  0.0333 0.1625
  0.0333 0.1625
  0.0333 0.1625
  0.0417 0.2032
  0.0417 0.2032
  0.0417 0.2032
  0.0417 0.2032
  0.0417 0.2032
  0.0500 0.2438
  0.0500 0.2438
  0.0500 0.2438
  0.0500 0.2438
  0.0500 0.2438
  0.0583 0.2844
  0.0583 0.2844
  0.0583 0.2844
  0.0583 0.2844
  0.0583 0.2844
  0.0667 0.3251
  0.0667 0.3251
  0.0667 0.3251
  0.0667 0.3251
  0.0667 0.3251
  0.0750 0.3657
  0.0750 0.3657
  0.0750 0.3657
  0.0750 0.3657
  0.0750 0.3657
  0.0833 0.4063
  0.0833 0.4063
  0.0833 0.4063
  0.0833 0.4063
  0.0833 0.4063
  0.0917 0.4469
  0.0917 0.4469
  0.0917 0.4469
  0.0917 0.4469
  0.0917 0.4469
  0.1000 0.4876
  0.1000 0.4876
  0.1000 0.4876
  0.1000 0.4876
  0.1000 0.4876
  0.1084 0.5282
  0.1084 0.5282
  0.1084 0.5282
  0.1084 0.5282
  0.1084 0.5282
  0.1167 0.5688
  0.1167 0.5688
  0.1167 0.5688
  0.1167 0.5688
  0.1167 0.5688
  0.1250 0.6095
  0.1250 0.6095
  0.1250 0.6095
  0.1250 0.6095
  0.1250 0.6095
  0.1334 0.6501
  0.1334 0.6501
  0.1334 0.6501
  0.1334 0.6501
  0.1334 0.6501
  0.1417 0.6907
  0.1417 0.6907
  0.1417 0.6907
  0.1417 0.6907
  0.1417 0.6907
  0.1500 0.7314
  0.1500 0.7314
  0.1500 0.7314
  0.1500 0.7314
  0.1500 0.7314
  0.1584 0.7720
  0.1584 0.7720
  0.1584 0.7720
  0.1584 0.7720
  0.1584 0.7720
  0.1667 0.8126
  0.1667 0.8126
  0.1667 0.8126
  0.1667 0.8126
  0.1667 0.8126
  0.1750 0.8533
  0.1750 0.8533
  0.1750 0.8533
  0.1750 0.8533
  0.1750 0.8533
  0.1834 0.8939
  0.1834 0.8939
  0.1834 0.8939
  0.1834 0.8939
  0.1834 0.8939
  0.1917 0.9173
  0.1917 0.9173
  0.1917 0.9173
  0.1917 0.9173
  0.1917 0.9173
  0.2000 0.9376
  0.2000 0.9376
  0.2000 0.9376
  0.2000 0.9376
  0.2000 0.9376
  0.2084 0.9579
  0.2084 0.9579
  0.2084 0.9579
  0.2084 0.9579
  0.2084 0.9579
  0.2167 0.9782
  0.2167 0.9782
  0.2167 0.9782
  0.2167 0.9782
  0.2167 0.9782
  0.2250 0.9985
  0.2250 0.9985
  0.2250 0.9985
  0.2250 0.9985
  0.2250 0.9985
glide 09-21 19:00:52.653 distance=333.3pt frames=140 total=0.226s profile=0.185@0.90,0.226@1.00
  0.0000 0.0000
  0.0000 0.0000
  0.0000 0.0000
  0.0000 0.0000
  0.0000 0.0000
  0.0000 0.0000
  0.0000 0.0000
  0.0000 0.0000
  0.0000 0.0000
  0.0000 0.0000
  0.0167 0.0813
  0.0167 0.0813
  0.0167 0.0813
  0.0167 0.0813
  0.0167 0.0813
  0.0250 0.1219
  0.0250 0.1219
  0.0250 0.1219
  0.0250 0.1219
  0.0250 0.1219
  0.0333 0.1625
  0.0333 0.1625
  0.0333 0.1625
  0.0333 0.1625
  0.0333 0.1625
  0.0417 0.2032
  0.0417 0.2032
  0.0417 0.2032
  0.0417 0.2032
  0.0417 0.2032
  0.0500 0.2438
  0.0500 0.2438
  0.0500 0.2438
  0.0500 0.2438
  0.0500 0.2438
  0.0583 0.2844
  0.0583 0.2844
  0.0583 0.2844
  0.0583 0.2844
  0.0583 0.2844
  0.0667 0.3251
  0.0667 0.3251
  0.0667 0.3251
  0.0667 0.3251
  0.0667 0.3251
  0.0750 0.3657
  0.0750 0.3657
  0.0750 0.3657
  0.0750 0.3657
  0.0750 0.3657
  0.0833 0.4063
  0.0833 0.4063
  0.0833 0.4063
  0.0833 0.4063
  0.0833 0.4063
  0.0917 0.4469
  0.0917 0.4469
  0.0917 0.4469
  0.0917 0.4469
  0.0917 0.4469
  0.1000 0.4876
  0.1000 0.4876
  0.1000 0.4876
  0.1000 0.4876
  0.1000 0.4876
  0.1084 0.5282
  0.1084 0.5282
  0.1084 0.5282
  0.1084 0.5282
  0.1084 0.5282
  0.1167 0.5688
  0.1167 0.5688
  0.1167 0.5688
  0.1167 0.5688
  0.1167 0.5688
  0.1250 0.6095
  0.1250 0.6095
  0.1250 0.6095
  0.1250 0.6095
  0.1250 0.6095
  0.1334 0.6501
  0.1334 0.6501
  0.1334 0.6501
  0.1334 0.6501
  0.1334 0.6501
  0.1417 0.6907
  0.1417 0.6907
  0.1417 0.6907
  0.1417 0.6907
  0.1417 0.6907
  0.1500 0.7314
  0.1500 0.7314
  0.1500 0.7314
  0.1500 0.7314
  0.1500 0.7314
  0.1584 0.7720
  0.1584 0.7720
  0.1584 0.7720
  0.1584 0.7720
  0.1584 0.7720
  0.1667 0.8126
  0.1667 0.8126
  0.1667 0.8126
  0.1667 0.8126
  0.1667 0.8126
  0.1750 0.8533
  0.1750 0.8533
  0.1750 0.8533
  0.1750 0.8533
  0.1750 0.8533
  0.1834 0.8939
  0.1834 0.8939
  0.1834 0.8939
  0.1834 0.8939
  0.1834 0.8939
  0.1917 0.9173
  0.1917 0.9173
  0.1917 0.9173
  0.1917 0.9173
  0.1917 0.9173
  0.2000 0.9376
  0.2000 0.9376
  0.2000 0.9376
  0.2000 0.9376
  0.2000 0.9376
  0.2084 0.9579
  0.2084 0.9579
  0.2084 0.9579
  0.2084 0.9579
  0.2084 0.9579
  0.2167 0.9782
  0.2167 0.9782
  0.2167 0.9782
  0.2167 0.9782
  0.2167 0.9782
  0.2250 0.9985
  0.2250 0.9985
  0.2250 0.9985
  0.2250 0.9985
  0.2250 0.9985
glide 09-21 19:00:53.420 distance=272.3pt frames=140 total=0.226s profile=0.185@0.90,0.226@1.00
  0.0000 0.0000
  0.0000 0.0000
  0.0000 0.0000
  0.0000 0.0000
  0.0000 0.0000
  0.0000 0.0000
  0.0000 0.0000
  0.0000 0.0000
  0.0000 0.0000
  0.0000 0.0000
  0.0167 0.0813
  0.0167 0.0813
  0.0167 0.0813
  0.0167 0.0813
  0.0167 0.0813
  0.0250 0.1219
  0.0250 0.1219
  0.0250 0.1219
  0.0250 0.1219
  0.0250 0.1219
  0.0333 0.1625
  0.0333 0.1625
  0.0333 0.1625
  0.0333 0.1625
  0.0333 0.1625
  0.0417 0.2032
  0.0417 0.2032
  0.0417 0.2032
  0.0417 0.2032
  0.0417 0.2032
  0.0500 0.2438
  0.0500 0.2438
  0.0500 0.2438
  0.0500 0.2438
  0.0500 0.2438
  0.0583 0.2844
  0.0583 0.2844
  0.0583 0.2844
  0.0583 0.2844
  0.0583 0.2844
  0.0667 0.3251
  0.0667 0.3251
  0.0667 0.3251
  0.0667 0.3251
  0.0667 0.3251
  0.0750 0.3657
  0.0750 0.3657
  0.0750 0.3657
  0.0750 0.3657
  0.0750 0.3657
  0.0833 0.4063
  0.0833 0.4063
  0.0833 0.4063
  0.0833 0.4063
  0.0833 0.4063
  0.0917 0.4469
  0.0917 0.4469
  0.0917 0.4469
  0.0917 0.4469
  0.0917 0.4469
  0.1000 0.4876
  0.1000 0.4876
  0.1000 0.4876
  0.1000 0.4876
  0.1000 0.4876
  0.1084 0.5282
  0.1084 0.5282
  0.1084 0.5282
  0.1084 0.5282
  0.1084 0.5282
  0.1167 0.5688
  0.1167 0.5688
  0.1167 0.5688
  0.1167 0.5688
  0.1167 0.5688
  0.1250 0.6095
  0.1250 0.6095
  0.1250 0.6095
  0.1250 0.6095
  0.1250 0.6095
  0.1334 0.6501
  0.1334 0.6501
  0.1334 0.6501
  0.1334 0.6501
  0.1334 0.6501
  0.1417 0.6907
  0.1417 0.6907
  0.1417 0.6907
  0.1417 0.6907
  0.1417 0.6907
  0.1500 0.7314
  0.1500 0.7314
  0.1500 0.7314
  0.1500 0.7314
  0.1500 0.7314
  0.1584 0.7720
  0.1584 0.7720
  0.1584 0.7720
  0.1584 0.7720
  0.1584 0.7720
  0.1667 0.8126
  0.1667 0.8126
  0.1667 0.8126
  0.1667 0.8126
  0.1667 0.8126
  0.1750 0.8533
  0.1750 0.8533
  0.1750 0.8533
  0.1750 0.8533
  0.1750 0.8533
  0.1834 0.8939
  0.1834 0.8939
  0.1834 0.8939
  0.1834 0.8939
  0.1834 0.8939
  0.1917 0.9173
  0.1917 0.9173
  0.1917 0.9173
  0.1917 0.9173
  0.1917 0.9173
  0.2000 0.9376
  0.2000 0.9376
  0.2000 0.9376
  0.2000 0.9376
  0.2000 0.9376
  0.2084 0.9579
  0.2084 0.9579
  0.2084 0.9579
  0.2084 0.9579
  0.2084 0.9579
  0.2167 0.9782
  0.2167 0.9782
  0.2167 0.9782
  0.2167 0.9782
  0.2167 0.9782
  0.2250 0.9985
  0.2250 0.9985
  0.2250 0.9985
  0.2250 0.9985
  0.2250 0.9985
glide 09-21 19:00:54.420 distance=194.3pt frames=140 total=0.226s profile=0.185@0.90,0.226@1.00
  0.0000 0.0000
  0.0000 0.0000
  0.0000 0.0000
  0.0000 0.0000
  0.0000 0.0000
  0.0000 0.0000
  0.0000 0.0000
  0.0000 0.0000
  0.0000 0.0000
  0.0000 0.0000
  0.0167 0.0813
  0.0167 0.0813
  0.0167 0.0813
  0.0167 0.0813
  0.0167 0.0813
  0.0250 0.1219
  0.0250 0.1219
  0.0250 0.1219
  0.0250 0.1219
  0.0250 0.1219
  0.0333 0.1625
  0.0333 0.1625
  0.0333 0.1625
  0.0333 0.1625
  0.0333 0.1625
  0.0417 0.2032
  0.0417 0.2032
  0.0417 0.2032
  0.0417 0.2032
  0.0417 0.2032
  0.0500 0.2438
  0.0500 0.2438
  0.0500 0.2438
  0.0500 0.2438
  0.0500 0.2438
  0.0583 0.2844
  0.0583 0.2844
  0.0583 0.2844
  0.0583 0.2844
  0.0583 0.2844
  0.0667 0.3251
  0.0667 0.3251
  0.0667 0.3251
  0.0667 0.3251
  0.0667 0.3251
  0.0750 0.3657
  0.0750 0.3657
  0.0750 0.3657
  0.0750 0.3657
  0.0750 0.3657
  0.0833 0.4063
  0.0833 0.4063
  0.0833 0.4063
  0.0833 0.4063
  0.0833 0.4063
  0.0917 0.4469
  0.0917 0.4469
  0.0917 0.4469
  0.0917 0.4469
  0.0917 0.4469
  0.1000 0.4876
  0.1000 0.4876
  0.1000 0.4876
  0.1000 0.4876
  0.1000 0.4876
  0.1084 0.5282
  0.1084 0.5282
  0.1084 0.5282
  0.1084 0.5282
  0.1084 0.5282
  0.1167 0.5688
  0.1167 0.5688
  0.1167 0.5688
  0.1167 0.5688
  0.1167 0.5688
  0.1250 0.6095
  0.1250 0.6095
  0.1250 0.6095
  0.1250 0.6095
  0.1250 0.6095
  0.1334 0.6501
  0.1334 0.6501
  0.1334 0.6501
  0.1334 0.6501
  0.1334 0.6501
  0.1417 0.6907
  0.1417 0.6907
  0.1417 0.6907
  0.1417 0.6907
  0.1417 0.6907
  0.1500 0.7314
  0.1500 0.7314
  0.1500 0.7314
  0.1500 0.7314
  0.1500 0.7314
  0.1584 0.7720
  0.1584 0.7720
  0.1584 0.7720
  0.1584 0.7720
  0.1584 0.7720
  0.1667 0.8126
  0.1667 0.8126
  0.1667 0.8126
  0.1667 0.8126
  0.1667 0.8126
  0.1750 0.8533
  0.1750 0.8533
  0.1750 0.8533
  0.1750 0.8533
  0.1750 0.8533
  0.1834 0.8939
  0.1834 0.8939
  0.1834 0.8939
  0.1834 0.8939
  0.1834 0.8939
  0.1917 0.9173
  0.1917 0.9173
  0.1917 0.9173
  0.1917 0.9173
  0.1917 0.9173
  0.2000 0.9376
  0.2000 0.9376
  0.2000 0.9376
  0.2000 0.9376
  0.2000 0.9376
  0.2084 0.9579
  0.2084 0.9579
  0.2084 0.9579
  0.2084 0.9579
  0.2084 0.9579
  0.2167 0.9782
  0.2167 0.9782
  0.2167 0.9782
  0.2167 0.9782
  0.2167 0.9782
  0.2250 0.9985
  0.2250 0.9985
  0.2250 0.9985
  0.2250 0.9985
  0.2250 0.9985
glide 09-21 19:00:55.253 distance=329.3pt frames=140 total=0.226s profile=0.185@0.90,0.226@1.00
  0.0000 0.0000
  0.0000 0.0000
  0.0000 0.0000
  0.0000 0.0000
  0.0000 0.0000
  0.0000 0.0000
  0.0000 0.0000
  0.0000 0.0000
  0.0000 0.0000
  0.0000 0.0000
  0.0167 0.0813
  0.0167 0.0813
  0.0167 0.0813
  0.0167 0.0813
  0.0167 0.0813
  0.0250 0.1219
  0.0250 0.1219
  0.0250 0.1219
  0.0250 0.1219
  0.0250 0.1219
  0.0333 0.1625
  0.0333 0.1625
  0.0333 0.1625
  0.0333 0.1625
  0.0333 0.1625
  0.0417 0.2032
  0.0417 0.2032
  0.0417 0.2032
  0.0417 0.2032
  0.0417 0.2032
  0.0500 0.2438
  0.0500 0.2438
  0.0500 0.2438
  0.0500 0.2438
  0.0500 0.2438
  0.0583 0.2844
  0.0583 0.2844
  0.0583 0.2844
  0.0583 0.2844
  0.0583 0.2844
  0.0667 0.3251
  0.0667 0.3251
  0.0667 0.3251
  0.0667 0.3251
  0.0667 0.3251
  0.0750 0.3657
  0.0750 0.3657
  0.0750 0.3657
  0.0750 0.3657
  0.0750 0.3657
  0.0833 0.4063
  0.0833 0.4063
  0.0833 0.4063
  0.0833 0.4063
  0.0833 0.4063
  0.0917 0.4469
  0.0917 0.4469
  0.0917 0.4469
  0.0917 0.4469
  0.0917 0.4469
  0.1000 0.4876
  0.1000 0.4876
  0.1000 0.4876
  0.1000 0.4876
  0.1000 0.4876
  0.1084 0.5282
  0.1084 0.5282
  0.1084 0.5282
  0.1084 0.5282
  0.1084 0.5282
  0.1167 0.5688
  0.1167 0.5688
  0.1167 0.5688
  0.1167 0.5688
  0.1167 0.5688
  0.1250 0.6095
  0.1250 0.6095
  0.1250 0.6095
  0.1250 0.6095
  0.1250 0.6095
  0.1334 0.6501
  0.1334 0.6501
  0.1334 0.6501
  0.1334 0.6501
  0.1334 0.6501
  0.1417 0.6907
  0.1417 0.6907
  0.1417 0.6907
  0.1417 0.6907
  0.1417 0.6907
  0.1500 0.7314
  0.1500 0.7314
  0.1500 0.7314
  0.1500 0.7314
  0.1500 0.7314
  0.1584 0.7720
  0.1584 0.7720
  0.1584 0.7720
  0.1584 0.7720
  0.1584 0.7720
  0.1667 0.8126
  0.1667 0.8126
  0.1667 0.8126
  0.1667 0.8126
  0.1667 0.8126
  0.1750 0.8533
  0.1750 0.8533
  0.1750 0.8533
  0.1750 0.8533
  0.1750 0.8533
  0.1834 0.8939
  0.1834 0.8939
  0.1834 0.8939
  0.1834 0.8939
  0.1834 0.8939
  0.1917 0.9173
  0.1917 0.9173
  0.1917 0.9173
  0.1917 0.9173
  0.1917 0.9173
  0.2000 0.9376
  0.2000 0.9376
  0.2000 0.9376
  0.2000 0.9376
  0.2000 0.9376
  0.2084 0.9579
  0.2084 0.9579
  0.2084 0.9579
  0.2084 0.9579
  0.2084 0.9579
  0.2167 0.9782
  0.2167 0.9782
  0.2167 0.9782
  0.2167 0.9782
  0.2167 0.9782
  0.2250 0.9985
  0.2250 0.9985
  0.2250 0.9985
  0.2250 0.9985
  0.2250 0.9985
glide 09-21 19:00:57.220 distance=332.0pt frames=140 total=0.226s profile=0.185@0.90,0.226@1.00
  0.0000 0.0000
  0.0000 0.0000
  0.0000 0.0000
  0.0000 0.0000
  0.0000 0.0000
  0.0000 0.0000
  0.0000 0.0000
  0.0000 0.0000
  0.0000 0.0000
  0.0000 0.0000
  0.0167 0.0813
  0.0167 0.0813
  0.0167 0.0813
  0.0167 0.0813
  0.0167 0.0813
  0.0250 0.1219
  0.0250 0.1219
  0.0250 0.1219
  0.0250 0.1219
  0.0250 0.1219
  0.0333 0.1625
  0.0333 0.1625
  0.0333 0.1625
  0.0333 0.1625
  0.0333 0.1625
  0.0417 0.2032
  0.0417 0.2032
  0.0417 0.2032
  0.0417 0.2032
  0.0417 0.2032
  0.0500 0.2438
  0.0500 0.2438
  0.0500 0.2438
  0.0500 0.2438
  0.0500 0.2438
  0.0583 0.2844
  0.0583 0.2844
  0.0583 0.2844
  0.0583 0.2844
  0.0583 0.2844
  0.0667 0.3251
  0.0667 0.3251
  0.0667 0.3251
  0.0667 0.3251
  0.0667 0.3251
  0.0750 0.3657
  0.0750 0.3657
  0.0750 0.3657
  0.0750 0.3657
  0.0750 0.3657
  0.0833 0.4063
  0.0833 0.4063
  0.0833 0.4063
  0.0833 0.4063
  0.0833 0.4063
  0.0917 0.4469
  0.0917 0.4469
  0.0917 0.4469
  0.0917 0.4469
  0.0917 0.4469
  0.1000 0.4876
  0.1000 0.4876
  0.1000 0.4876
  0.1000 0.4876
  0.1000 0.4876
  0.1084 0.5282
  0.1084 0.5282
  0.1084 0.5282
  0.1084 0.5282
  0.1084 0.5282
  0.1167 0.5688
  0.1167 0.5688
  0.1167 0.5688
  0.1167 0.5688
  0.1167 0.5688
  0.1250 0.6095
  0.1250 0.6095
  0.1250 0.6095
  0.1250 0.6095
  0.1250 0.6095
  0.1334 0.6501
  0.1334 0.6501
  0.1334 0.6501
  0.1334 0.6501
  0.1334 0.6501
  0.1417 0.6907
  0.1417 0.6907
  0.1417 0.6907
  0.1417 0.6907
  0.1417 0.6907
  0.1500 0.7314
  0.1500 0.7314
  0.1500 0.7314
  0.1500 0.7314
  0.1500 0.7314
  0.1584 0.7720
  0.1584 0.7720
  0.1584 0.7720
  0.1584 0.7720
  0.1584 0.7720
  0.1667 0.8126
  0.1667 0.8126
  0.1667 0.8126
  0.1667 0.8126
  0.1667 0.8126
  0.1750 0.8533
  0.1750 0.8533
  0.1750 0.8533
  0.1750 0.8533
  0.1750 0.8533
  0.1834 0.8939
  0.1834 0.8939
  0.1834 0.8939
  0.1834 0.8939
  0.1834 0.8939
  0.1917 0.9173
  0.1917 0.9173
  0.1917 0.9173
  0.1917 0.9173
  0.1917 0.9173
  0.2000 0.9376
  0.2000 0.9376
  0.2000 0.9376
  0.2000 0.9376
  0.2000 0.9376
  0.2084 0.9579
  0.2084 0.9579
  0.2084 0.9579
  0.2084 0.9579
  0.2084 0.9579
  0.2167 0.9782
  0.2167 0.9782
  0.2167 0.9782
  0.2167 0.9782
  0.2167 0.9782
  0.2250 0.9985
  0.2250 0.9985
  0.2250 0.9985
  0.2250 0.9985
  0.2250 0.9985
glide 09-21 19:00:58.054 distance=359.0pt frames=140 total=0.226s profile=0.185@0.90,0.226@1.00
  0.0000 0.0000
  0.0000 0.0000
  0.0000 0.0000
  0.0000 0.0000
  0.0000 0.0000
  0.0000 0.0000
  0.0000 0.0000
  0.0000 0.0000
  0.0000 0.0000
  0.0000 0.0000
  0.0167 0.0813
  0.0167 0.0813
  0.0167 0.0813
  0.0167 0.0813
  0.0167 0.0813
  0.0250 0.1219
  0.0250 0.1219
  0.0250 0.1219
  0.0250 0.1219
  0.0250 0.1219
  0.0333 0.1625
  0.0333 0.1625
  0.0333 0.1625
  0.0333 0.1625
  0.0333 0.1625
  0.0417 0.2032
  0.0417 0.2032
  0.0417 0.2032
  0.0417 0.2032
  0.0417 0.2032
  0.0500 0.2438
  0.0500 0.2438
  0.0500 0.2438
  0.0500 0.2438
  0.0500 0.2438
  0.0583 0.2844
  0.0583 0.2844
  0.0583 0.2844
  0.0583 0.2844
  0.0583 0.2844
  0.0667 0.3251
  0.0667 0.3251
  0.0667 0.3251
  0.0667 0.3251
  0.0667 0.3251
  0.0750 0.3657
  0.0750 0.3657
  0.0750 0.3657
  0.0750 0.3657
  0.0750 0.3657
  0.0833 0.4063
  0.0833 0.4063
  0.0833 0.4063
  0.0833 0.4063
  0.0833 0.4063
  0.0917 0.4470
  0.0917 0.4470
  0.0917 0.4470
  0.0917 0.4470
  0.0917 0.4470
  0.1000 0.4876
  0.1000 0.4876
  0.1000 0.4876
  0.1000 0.4876
  0.1000 0.4876
  0.1084 0.5282
  0.1084 0.5282
  0.1084 0.5282
  0.1084 0.5282
  0.1084 0.5282
  0.1167 0.5689
  0.1167 0.5689
  0.1167 0.5689
  0.1167 0.5689
  0.1167 0.5689
  0.1250 0.6095
  0.1250 0.6095
  0.1250 0.6095
  0.1250 0.6095
  0.1250 0.6095
  0.1334 0.6501
  0.1334 0.6501
  0.1334 0.6501
  0.1334 0.6501
  0.1334 0.6501
  0.1417 0.6907
  0.1417 0.6907
  0.1417 0.6907
  0.1417 0.6907
  0.1417 0.6907
  0.1500 0.7314
  0.1500 0.7314
  0.1500 0.7314
  0.1500 0.7314
  0.1500 0.7314
  0.1584 0.7720
  0.1584 0.7720
  0.1584 0.7720
  0.1584 0.7720
  0.1584 0.7720
  0.1667 0.8126
  0.1667 0.8126
  0.1667 0.8126
  0.1667 0.8126
  0.1667 0.8126
  0.1750 0.8533
  0.1750 0.8533
  0.1750 0.8533
  0.1750 0.8533
  0.1750 0.8533
  0.1834 0.8939
  0.1834 0.8939
  0.1834 0.8939
  0.1834 0.8939
  0.1834 0.8939
  0.1917 0.9173
  0.1917 0.9173
  0.1917 0.9173
  0.1917 0.9173
  0.1917 0.9173
  0.2000 0.9376
  0.2000 0.9376
  0.2000 0.9376
  0.2000 0.9376
  0.2000 0.9376
  0.2084 0.9579
  0.2084 0.9579
  0.2084 0.9579
  0.2084 0.9579
  0.2084 0.9579
  0.2167 0.9782
  0.2167 0.9782
  0.2167 0.9782
  0.2167 0.9782
  0.2167 0.9782
  0.2250 0.9985
  0.2250 0.9985
  0.2250 0.9985
  0.2250 0.9985
  0.2250 0.9985
glide 09-21 19:01:00.975 distance=257.0pt frames=140 total=0.226s profile=0.185@0.90,0.226@1.00
  0.0000 0.0000
  0.0000 0.0000
  0.0000 0.0000
  0.0000 0.0000
  0.0000 0.0000
  0.0000 0.0000
  0.0000 0.0000
  0.0000 0.0000
  0.0000 0.0000
  0.0000 0.0000
  0.0167 0.0813
  0.0167 0.0813
  0.0167 0.0813
  0.0167 0.0813
  0.0167 0.0813
  0.0250 0.1219
  0.0250 0.1219
  0.0250 0.1219
  0.0250 0.1219
  0.0250 0.1219
  0.0333 0.1625
  0.0333 0.1625
  0.0333 0.1625
  0.0333 0.1625
  0.0333 0.1625
  0.0417 0.2032
  0.0417 0.2032
  0.0417 0.2032
  0.0417 0.2032
  0.0417 0.2032
  0.0500 0.2438
  0.0500 0.2438
  0.0500 0.2438
  0.0500 0.2438
  0.0500 0.2438
  0.0583 0.2844
  0.0583 0.2844
  0.0583 0.2844
  0.0583 0.2844
  0.0583 0.2844
  0.0667 0.3251
  0.0667 0.3251
  0.0667 0.3251
  0.0667 0.3251
  0.0667 0.3251
  0.0750 0.3657
  0.0750 0.3657
  0.0750 0.3657
  0.0750 0.3657
  0.0750 0.3657
  0.0833 0.4063
  0.0833 0.4063
  0.0833 0.4063
  0.0833 0.4063
  0.0833 0.4063
  0.0917 0.4469
  0.0917 0.4469
  0.0917 0.4469
  0.0917 0.4469
  0.0917 0.4469
  0.1000 0.4876
  0.1000 0.4876
  0.1000 0.4876
  0.1000 0.4876
  0.1000 0.4876
  0.1084 0.5282
  0.1084 0.5282
  0.1084 0.5282
  0.1084 0.5282
  0.1084 0.5282
  0.1167 0.5688
  0.1167 0.5688
  0.1167 0.5688
  0.1167 0.5688
  0.1167 0.5688
  0.1250 0.6095
  0.1250 0.6095
  0.1250 0.6095
  0.1250 0.6095
  0.1250 0.6095
  0.1334 0.6501
  0.1334 0.6501
  0.1334 0.6501
  0.1334 0.6501
  0.1334 0.6501
  0.1417 0.6907
  0.1417 0.6907
  0.1417 0.6907
  0.1417 0.6907
  0.1417 0.6907
  0.1500 0.7314
  0.1500 0.7314
  0.1500 0.7314
  0.1500 0.7314
  0.1500 0.7314
  0.1584 0.7720
  0.1584 0.7720
  0.1584 0.7720
  0.1584 0.7720
  0.1584 0.7720
  0.1667 0.8126
  0.1667 0.8126
  0.1667 0.8126
  0.1667 0.8126
  0.1667 0.8126
  0.1750 0.8533
  0.1750 0.8533
  0.1750 0.8533
  0.1750 0.8533
  0.1750 0.8533
  0.1834 0.8939
  0.1834 0.8939
  0.1834 0.8939
  0.1834 0.8939
  0.1834 0.8939
  0.1917 0.9173
  0.1917 0.9173
  0.1917 0.9173
  0.1917 0.9173
  0.1917 0.9173
  0.2000 0.9376
  0.2000 0.9376
  0.2000 0.9376
  0.2000 0.9376
  0.2000 0.9376
  0.2084 0.9579
  0.2084 0.9579
  0.2084 0.9579
  0.2084 0.9579
  0.2084 0.9579
  0.2167 0.9782
  0.2167 0.9782
  0.2167 0.9782
  0.2167 0.9782
  0.2167 0.9782
  0.2250 0.9985
  0.2250 0.9985
  0.2250 0.9985
  0.2250 0.9985
  0.2250 0.9985
glide 09-21 19:01:01.809 distance=308.0pt frames=140 total=0.226s profile=0.185@0.90,0.226@1.00
  0.0000 0.0000
  0.0000 0.0000
  0.0000 0.0000
  0.0000 0.0000
  0.0000 0.0000
  0.0000 0.0000
  0.0000 0.0000
  0.0000 0.0000
  0.0000 0.0000
  0.0000 0.0000
  0.0167 0.0813
  0.0167 0.0813
  0.0167 0.0813
  0.0167 0.0813
  0.0167 0.0813
  0.0250 0.1219
  0.0250 0.1219
  0.0250 0.1219
  0.0250 0.1219
  0.0250 0.1219
  0.0333 0.1625
  0.0333 0.1625
  0.0333 0.1625
  0.0333 0.1625
  0.0333 0.1625
  0.0417 0.2032
  0.0417 0.2032
  0.0417 0.2032
  0.0417 0.2032
  0.0417 0.2032
  0.0500 0.2438
  0.0500 0.2438
  0.0500 0.2438
  0.0500 0.2438
  0.0500 0.2438
  0.0583 0.2844
  0.0583 0.2844
  0.0583 0.2844
  0.0583 0.2844
  0.0583 0.2844
  0.0667 0.3251
  0.0667 0.3251
  0.0667 0.3251
  0.0667 0.3251
  0.0667 0.3251
  0.0750 0.3657
  0.0750 0.3657
  0.0750 0.3657
  0.0750 0.3657
  0.0750 0.3657
  0.0833 0.4063
  0.0833 0.4063
  0.0833 0.4063
  0.0833 0.4063
  0.0833 0.4063
  0.0917 0.4470
  0.0917 0.4470
  0.0917 0.4470
  0.0917 0.4470
  0.0917 0.4470
  0.1000 0.4876
  0.1000 0.4876
  0.1000 0.4876
  0.1000 0.4876
  0.1000 0.4876
  0.1084 0.5282
  0.1084 0.5282
  0.1084 0.5282
  0.1084 0.5282
  0.1084 0.5282
  0.1167 0.5688
  0.1167 0.5688
  0.1167 0.5688
  0.1167 0.5688
  0.1167 0.5688
  0.1250 0.6095
  0.1250 0.6095
  0.1250 0.6095
  0.1250 0.6095
  0.1250 0.6095
  0.1334 0.6501
  0.1334 0.6501
  0.1334 0.6501
  0.1334 0.6501
  0.1334 0.6501
  0.1417 0.6907
  0.1417 0.6907
  0.1417 0.6907
  0.1417 0.6907
  0.1417 0.6907
  0.1500 0.7314
  0.1500 0.7314
  0.1500 0.7314
  0.1500 0.7314
  0.1500 0.7314
  0.1584 0.7720
  0.1584 0.7720
  0.1584 0.7720
  0.1584 0.7720
  0.1584 0.7720
  0.1667 0.8126
  0.1667 0.8126
  0.1667 0.8126
  0.1667 0.8126
  0.1667 0.8126
  0.1750 0.8533
  0.1750 0.8533
  0.1750 0.8533
  0.1750 0.8533
  0.1750 0.8533
  0.1834 0.8939
  0.1834 0.8939
  0.1834 0.8939
  0.1834 0.8939
  0.1834 0.8939
  0.1917 0.9173
  0.1917 0.9173
  0.1917 0.9173
  0.1917 0.9173
  0.1917 0.9173
  0.2000 0.9376
  0.2000 0.9376
  0.2000 0.9376
  0.2000 0.9376
  0.2000 0.9376
  0.2084 0.9579
  0.2084 0.9579
  0.2084 0.9579
  0.2084 0.9579
  0.2084 0.9579
  0.2167 0.9782
  0.2167 0.9782
  0.2167 0.9782
  0.2167 0.9782
  0.2167 0.9782
  0.2250 0.9985
  0.2250 0.9985
  0.2250 0.9985
  0.2250 0.9985
  0.2250 0.9985
